 1 0.00011 0.00011 0.5 0.5 5.27009e-07 0 4.22331e-14 2.30665e-14
 2 0.000231 0.000121 0.5 0.499999 9.63432e-07 0 9.90715e-14 1.95077e-14
 3 0.0003641 0.0001331 0.5 0.499999 1.44757e-06 0 8.11717e-14 2.64991e-14
 4 0.00051051 0.00014641 0.5 0.499998 1.99999e-06 0 8.38974e-14 9.35407e-15
 5 0.000671561 0.000161051 0.5 0.499997 2.6312e-06 0 9.51342e-14 9.85485e-15
 6 0.000848717 0.000177156 0.5 0.499997 3.35395e-06 0 1.17993e-13 3.67581e-14
 7 0.00104359 0.000194872 0.5 0.499996 4.18257e-06 0 4.6819e-14 2.63652e-14
 8 0.00125795 0.000214359 0.5 0.499995 5.13279e-06 0 3.58662e-13 4.94271e-14
 9 0.00149374 0.000235795 0.5 0.499994 6.21854e-06 0 8.678e-14 1.25809e-14
 10 0.00175271 0.000258963 0.5 0.499993 7.4412e-06 0 1.58644e-13 6.46107e-14
 11 0.00201864 0.000265935 0.5 0.499991 8.73199e-06 0 1.71405e-13 1.93963e-14
 12 0.0022817 0.000263055 0.5 0.49999 1.00422e-05 0 1.20819e-13 7.44407e-14
 13 0.00255237 0.000270674 0.5 0.499989 1.14234e-05 0 2.69994e-13 6.81243e-14
 14 0.00283122 0.000278855 0.5 0.499987 1.28769e-05 0 1.41384e-13 6.40803e-14
 15 0.00311881 0.000287588 0.5 0.499986 1.44071e-05 0 1.60497e-13 1.77657e-13
 16 0.00341441 0.0002956 0.5 0.499984 1.60104e-05 0 1.70915e-13 5.08765e-14
 17 0.00371533 0.00030092 0.5 0.499982 1.76706e-05 0 4.79757e-13 1.73897e-13
 18 0.00401924 0.000303912 0.5 0.499981 1.93834e-05 0 1.61124e-13 9.16602e-14
 19 0.00432801 0.000308767 0.5 0.499979 2.11647e-05 0 3.29166e-13 1.38062e-13
 20 0.00463506 0.000307048 0.5 0.499977 2.29617e-05 0 3.97705e-13 1.74963e-13
 21 0.004935 0.000299936 0.5 0.499975 2.47599e-05 0 4.91593e-13 2.12326e-13
 22 0.00522786 0.000292861 0.5 0.499974 2.65466e-05 0 2.1211e-13 1.48086e-13
 23 0.00551288 0.000285023 0.5 0.499972 2.83177e-05 0 2.61472e-13 1.27879e-13
 24 0.00578994 0.00027706 0.5 0.49997 3.00693e-05 0 4.48089e-13 1.38198e-13
 25 0.00605361 0.000263668 0.5 0.499968 3.17676e-05 0 1.13529e-13 1.72657e-13
 26 0.00631076 0.000257152 0.5 0.499967 3.3447e-05 0 3.12142e-13 1.06711e-13
 27 0.00656333 0.000252574 0.5 0.499965 3.51261e-05 0 2.50979e-13 1.90602e-13
 28 0.00681212 0.000248789 0.5 0.499963 3.68048e-05 0 1.83807e-13 1.79843e-13
 29 0.00705788 0.000245759 0.5 0.499962 3.849e-05 0 2.3334e-13 2.07486e-13
 30 0.00730137 0.00024349 0.5 0.49996 4.01848e-05 0 2.50111e-13 2.36985e-13
